{"H":[[19082.523279076267,31580.342949077945,27638.448557004613,27684.342313005884,38945.727140017705,6572.949895011401,12906.160127011703,14386.347016101125,942.48073700273],[31580.342949077945,52311.954272234136,45944.63422702829,45908.53441202075,65328.509022118014,11114.732234020097,21421.74154703513,23844.591418178818,3645.3609590175047],[27638.448557004613,45944.63422702829,40981.623417020455,40503.27212001308,60571.18997508261,10648.025553007443,18975.87652501549,20992.09472804204,11007.272265016974],[27684.342313005884,45908.53441202075,40503.27212001308,40351.78672700869,57991.1876990531,9926.18685300456,18845.094199010204,20940.240156030315,5377.286217007568],[38945.727140017705,65328.509022118014,60571.18997508261,57991.1876990531,108110.0890913482,21510.35293602954,27702.8827830649,30070.609529177007,48662.91456304156],[6572.949895011401,11114.732234020097,10648.025553007443,9926.18685300456,21510.35293602954,4633.692056111818,4806.970167008882,5146.008216048022,13302.394085013175],[12906.160127011703,21421.74154703513,18975.87652501549,18845.094199010204,27702.8827830649,4806.970167008882,8818.527948013318,9778.892983045107,3545.267587009052],[14386.347016101125,23844.591418178818,20992.09472804204,20940.240156030315,30070.609529177007,5146.008216048022,9778.892983045107,10873.8333702161,2301.8453920223274],[942.48073700273,3645.3609590175047,11007.272265016974,5377.286217007568,48662.91456304156,13302.394085013175,3545.267587009052,2301.8453920223274,100495.51960110401]]}